263.574  1.99126
268.293  1.95911
273.481  1.91287
278.665  2.02553
282.905  2.16614
287.143  2.24395
292.319  2.32595
297.962  2.08559
303.132  2.32464
307.829  2.31204
312.992  2.63262
318.152  2.67406
323.31  2.93029
327.995  2.85681
333.146  3.29329
337.826  3.59556
343.438  2.81962
349.981  4.43684
354.651  4.733
360.252  5.10988
364.917  5.27251
370.511  5.47379
375.169  6.06447
380.756  6.60693
384.944  6.55177
390.524  7.00216
394.706  6.71616
399.815  7.18632
404.457  7.61941
409.096  7.72826
414.66  8.16352
420.219  8.72406
424.849  9.01165
429.477  9.49245
434.563  9.69387
438.723  9.76855
444.728  10.2693
448.421  10.4755
453.495  11.0118
459.028  11.6517
463.175  12.1868
468.7  13.3569
476.522  13.3247
478.361  10.0955
